0.043642182
0.035326936
0.037397032
0.038260661
0.037141177
0.03461104
0.039705339
0.040418699
0.04147074
0.047765362
0.045957306
0.042328437
0.04600332
0.035035035
0.027546228
0.03669959
0.048954853
0.052389894
0.040593892
0.033805008
0.040653219
0.033343529
0.039648775
0.034516611
0.037735884
0.029442175
0.024489612
0.025201735
0.022073132
0.02535706
0.01837729
0.018888358
0.019835937
0.02567485
0.026874925
0.020595567
0.023284809
0.023724691
0.019631883
0.019678249
0.017080395
0.018135921
0.019691309
0.023269842
0.019157547
0.021552448
0.010204908
0.014847079
0.013515995
0.014696949
0.015367112
0.01481249
0.015431441
0.013895751
0.013446292
0.016111646
0.024443782
0.01229814
0.016295091
0.019240056
0.024137461
0.015363246
0.009017321
0.020204234
0.013655178
0.023561937
0.02063553
0.014006976
0.009590918
0.015306168
0.017373718
0.016385625
0.023916983
0.026111766
0.01987023
0.018270167
0.028398752
0.021668721
0.016164871
0.026228558
0.019549298
0.028793233
0.022395228
0.020370918
0.029016012
0.016864452
0.021295661
0.027815097
0.025215481
0.0261418
0.021289438
0.006168024
0.008826751
0.022534646
0.01496511
0.020536237
0.012249483
0.011413624
0.00431705
0.004348614
