0.02880928
0.002489681
0.029365833
0.029087268
0.04748211
0.035118862
0.041076325
0.034397022
0.034103753
0.043563818
0.049110055
0.038465574
0.047876414
0.052422786
0.021771597
0.031577522
0.06016006
0.042886824
0.050765271
0.052687108
0.025544984
0.024093374
0.030354074
0.031554368
0.031254894
0.027624925
0.026088857
0.02447849
0.019209076
0.022583342
0.014037422
0.021570219
0.015774739
0.021320274
0.0324885
0.019060975
0.021525953
0.023267129
0.016814836
0.017277177
0.023370137
0.025961808
0.018278274
0.027616423
0.02061143
0.010711775
0.011244649
0.01447771
0.001910876
0.00935477
0.013365832
0.01239766
0.012589576
0.022772464
0.020867746
0.021937275
0.035533744
0.017604499
0.023130597
0.022025438
0.027921941
0.019045674
0.000698804
0.002182977
0.009242612
0.031101893
0.020171152
0.018786425
0.028695048
0.003057747
0.025939083
0.0185994
0.03302936
0.029495018
0.02459898
0.032361345
0.023847197
0.025034403
0.04486986
0.034953064
0.016773329
0.029906681
0.029104037
-0.000696952
0.039035226
0.034402163
0.022784092
0.041592613
0.038534688
0.045353923
0.04306994
-0.059553
-0.01644045
0.019161713
0.028863537
0.026735758
0.020539384
0.000540986
0.006630154
0.017961413
